
 etall    1, NO =    4, NV =    5, INA =   15
 *********************************************

    I  COEFFICIENT          ORDER   EXPONENTS
     1  -0.2802608327692E-13    0     0 0  0 0  0
  -2.8026083276921521E-014
     2   0.2900679375647        1     1 0  0 0  0
  0.29006793756467536     
     3    19.96384154284        1     0 1  0 0  0
   19.963841542839624     
     4    2.337471488389        1     0 0  0 0  1
   2.3374714883893701     
     5  -0.2142892590374        2     2 0  0 0  0
 -0.21428925903737392     
     6   -4.020899380894        2     1 1  0 0  0
  -4.0208993808941544     
     7   -47.88027676153        2     0 2  0 0  0
  -47.880276761528442     
     8  -0.1115592341811        2     0 0  2 0  0
 -0.11155923418109986     
     9   -4.443129732529        2     0 0  1 1  0
  -4.4431297325293428     
    10   -3.682835057043        2     1 0  0 0  1
  -3.6828350570434591     
    11    17.00903596425        2     0 1  0 0  1
   17.009035964248071     
    12   -27.20527961006        2     0 0  0 2  0
  -27.205279610063613     
    13    13.02013356994        2     0 0  0 0  2
   13.020133569943106     
    14   -11.07741949920        3     3 0  0 0  0
  -11.077419499196683     
    15    30.94148940982        3     2 1  0 0  0
   30.941489409816377     
    16   -4486.312992447        3     1 2  0 0  0
  -4486.3129924471941     
    17    24449.23783499        3     0 3  0 0  0
   24449.237834992586     
    18   -92.18500283232        3     1 0  2 0  0
  -92.185002832315448     
    19    186.8950918551        3     0 1  2 0  0
   186.89509185513606     
    20   -241.2163016624        3     1 0  1 1  0
  -241.21630166240786     
    21   -14674.17657507        3     0 1  1 1  0
  -14674.176575066725     
    22    97.87856241503        3     2 0  0 0  1
   97.878562415025826     
    23   -312.2777476681        3     1 1  0 0  1
  -312.27774766805265     
    24    13254.73666878        3     0 2  0 0  1
   13254.736668776457     
    25    277.5284633617        3     0 0  2 0  1
   277.52846336168545     
    26   -4116.306103855        3     1 0  0 2  0
  -4116.3061038550268     
    27    29549.80578490        3     0 1  0 2  0
   29549.805784895394     
    28    398.5938578373        3     0 0  1 1  1
   398.59385783730340     
    29   -700.1108096816        3     1 0  0 0  2
  -700.11080968155557     
    30    2459.533752623        3     0 1  0 0  2
   2459.5337526228423     
    31    11376.17955335        3     0 0  0 2  1
   11376.179553346288     
    32    1549.126518921        3     0 0  0 0  3
   1549.1265189207581     
    33   -5.832227440773        4     4 0  0 0  0
  -5.8322274407733579     
    34   -96.74459996417        4     3 1  0 0  0
  -96.744599964168444     
    35   -1703.284788866        4     2 2  0 0  0
  -1703.2847888655431     
    36   -36159.78212139        4     1 3  0 0  0
  -36159.782121393822     
    37   -348065.8246918        4     0 4  0 0  0
  -348065.82469179633     
    38   -61.03275952757        4     2 0  2 0  0
  -61.032759527567116     
    39   -200.5772942902        4     1 1  2 0  0
  -200.57729429021887     
    40   -3364.750384469        4     0 2  2 0  0
  -3364.7503844693697     
    41   -18.39404199394        4     0 0  4 0  0
  -18.394041993936462     
    42   -403.7933655352        4     2 0  1 1  0
  -403.79336553520733     
    43    525.0062660134        4     1 1  1 1  0
   525.00626601335796     
    44    5919.729313740        4     0 2  1 1  0
   5919.7293137395773     
    45   -218.2404888540        4     0 0  3 1  0
  -218.24048885395106     
    46    87.19886000819        4     3 0  0 0  1
   87.198860008192867     
    47   -608.8094166837        4     2 1  0 0  1
  -608.80941668374555     
    48    21863.46003377        4     1 2  0 0  1
   21863.460033768148     
    49   -574891.8372887        4     0 3  0 0  1
  -574891.83728873660     
    50    633.2720839965        4     1 0  2 0  1
   633.27208399652272     
    51   -19443.87848631        4     0 1  2 0  1
  -19443.878486306436     
    52   -886.4868800648        4     2 0  0 2  0
  -886.48688006482553     
    53   -102803.1903293        4     1 1  0 2  0
  -102803.19032927275     
    54   -900806.0109620        4     0 2  0 2  0
  -900806.01096204051     
    55   -890.8803657730        4     0 0  2 2  0
  -890.88036577302773     
    56    17187.80842844        4     1 0  1 1  1
   17187.808428435128     
    57    29193.34042495        4     0 1  1 1  1
   29193.340424953527     
    58   -610.5889911267        4     2 0  0 0  2
  -610.58899112668064     
    59    3056.060528948        4     1 1  0 0  2
   3056.0605289483156     
    60   -95558.52198146        4     0 2  0 0  2
  -95558.521981458587     
    61   -1653.140061171        4     0 0  2 0  2
  -1653.1400611712754     
    62   -12044.24958482        4     0 0  1 3  0
  -12044.249584824516     
    63    42414.34439024        4     1 0  0 2  1
   42414.344390235980     
    64    795904.5196926        4     0 1  0 2  1
   795904.51969257451     
    65   -49207.83615932        4     0 0  1 1  2
  -49207.836159319973     
    66    2165.184751201        4     1 0  0 0  3
   2165.1847512005220     
    67   -52541.75659156        4     0 1  0 0  3
  -52541.756591559715     
    68   -85803.10985290        4     0 0  0 4  0
  -85803.109852895330     
    69   -133999.4927606        4     0 0  0 2  2
  -133999.49276060957     
    70   -3389.245563057        4     0 0  0 0  4
  -3389.2455630565687     
                                      

 etall    1, NO =    4, NV =    5, INA =   19
 *********************************************

    I  COEFFICIENT          ORDER   EXPONENTS
     1   0.1325058235327E-14    0     0 0  0 0  0
   1.3250582353266492E-015
     2  -0.4707838824805E-01    1     1 0  0 0  0
  -4.7078388248045291E-002
     3   0.2073118367651        1     0 1  0 0  0
  0.20731183676506088     
     4   0.1443929855450        1     0 0  0 0  1
  0.14439298554495095     
     5  -0.9683216744722E-02    2     2 0  0 0  0
  -9.6832167447219002E-003
     6  -0.3739866887867        2     1 1  0 0  0
 -0.37398668878670693     
     7   -3.661863593401        2     0 2  0 0  0
  -3.6618635934014740     
     8  -0.9424519925569E-02    2     0 0  2 0  0
  -9.4245199255688136E-003
     9  -0.2703627693289        2     0 0  1 1  0
 -0.27036276932887948     
    10  -0.5690151182585E-01    2     1 0  0 0  1
  -5.6901511825853610E-002
    11   -4.044691992369        2     0 1  0 0  1
  -4.0446919923693301     
    12   -1.555974266297        2     0 0  0 2  0
  -1.5559742662969296     
    13   0.2183845826130        2     0 0  0 0  2
  0.21838458261299243     
    14  -0.1454202115352        3     3 0  0 0  0
 -0.14542021153516138     
    15   -11.58033973592        3     2 1  0 0  0
  -11.580339735921507     
    16   -93.20694229492        3     1 2  0 0  0
  -93.206942294917823     
    17   -5030.350025273        3     0 3  0 0  0
  -5030.3500252726417     
    18  -0.9787583401293        3     1 0  2 0  0
 -0.97875834012925789     
    19   -31.73059429664        3     0 1  2 0  0
  -31.730594296636028     
    20   -40.23300173182        3     1 0  1 1  0
  -40.233001731824018     
    21   -213.8479754165        3     0 1  1 1  0
  -213.84797541645344     
    22    1.201749080748        3     2 0  0 0  1
   1.2017490807478122     
    23    65.12409486634        3     1 1  0 0  1
   65.124094866338055     
    24    125.3070143245        3     0 2  0 0  1
   125.30701432454492     
    25    2.050122276891        3     0 0  2 0  1
   2.0501222768914067     
    26   -167.1161547144        3     1 0  0 2  0
  -167.11615471439819     
    27   -13352.71632012        3     0 1  0 2  0
  -13352.716320124924     
    28    108.5166987156        3     0 0  1 1  1
   108.51669871560894     
    29   -8.248309037038        3     1 0  0 0  2
  -8.2483090370377088     
    30   -521.1928496048        3     0 1  0 0  2
  -521.19284960477319     
    31    396.7615843081        3     0 0  0 2  1
   396.76158430813314     
    32    15.54739998499        3     0 0  0 0  3
   15.547399984992122     
    33   0.7401887712886E-01    4     4 0  0 0  0
   7.4018877128857324E-002
    34   -3.222796151720        4     3 1  0 0  0
  -3.2227961517204493     
    35   -38.04460283269        4     2 2  0 0  0
  -38.044602832694437     
    36    436.8836159009        4     1 3  0 0  0
   436.88361590093041     
    37   -26095.53166912        4     0 4  0 0  0
  -26095.531669116637     
    38    1.377484896350        4     2 0  2 0  0
   1.3774848963495532     
    39   -12.37664988537        4     1 1  2 0  0
  -12.376649885365701     
    40   -95.97166363050        4     0 2  2 0  0
  -95.971663630499449     
    41   -1.678478872637        4     0 0  4 0  0
  -1.6784788726367472     
    42   -1.036566053386        4     2 0  1 1  0
  -1.0365660533855756     
    43   -73.16153568848        4     1 1  1 1  0
  -73.161535688476221     
    44    3673.515465100        4     0 2  1 1  0
   3673.5154651002049     
    45   -7.774518729916        4     0 0  3 1  0
  -7.7745187299157692     
    46    2.199028055575        4     3 0  0 0  1
   2.1990280555751904     
    47    59.96508715553        4     2 1  0 0  1
   59.965087155532551     
    48    1837.513195644        4     1 2  0 0  1
   1837.5131956439284     
    49    18885.00146099        4     0 3  0 0  1
   18885.001460993291     
    50   -19.63289092248        4     1 0  2 0  1
  -19.632890922478104     
    51    81.70733675220        4     0 1  2 0  1
   81.707336752196511     
    52    22.38609527077        4     2 0  0 2  0
   22.386095270766678     
    53    3854.081372192        4     1 1  0 2  0
   3854.0813721917548     
    54   -111141.0025058        4     0 2  0 2  0
  -111141.00250581304     
    55   -57.97461448557        4     0 0  2 2  0
  -57.974614485566889     
    56    81.05222911294        4     1 0  1 1  1
   81.052229112941419     
    57   -12685.47771337        4     0 1  1 1  1
  -12685.477713367281     
    58   -19.30971619601        4     2 0  0 0  2
  -19.309716196009813     
    59   -245.1291382392        4     1 1  0 0  2
  -245.12913823915153     
    60   -7969.990535645        4     0 2  0 0  2
  -7969.9905356451800     
    61    39.15122949023        4     0 0  2 0  2
   39.151229490233781     
    62    1927.067966613        4     0 0  1 3  0
   1927.0679666128638     
    63    6764.618472150        4     1 0  0 2  1
   6764.6184721503378     
    64    38426.18112994        4     0 1  0 2  1
   38426.181129943121     
    65   -65.82415649740        4     0 0  1 1  2
  -65.824156497399372     
    66    161.3478617991        4     1 0  0 0  3
   161.34786179909119     
    67    739.0995320494        4     0 1  0 0  3
   739.09953204936164     
    68    29272.91423527        4     0 0  0 4  0
   29272.914235269171     
    69   -19902.85505876        4     0 0  0 2  2
  -19902.855058760066     
    70   -387.2528369568        4     0 0  0 0  4
  -387.25283695682953     
                                      

 etall    1, NO =    4, NV =    5, INA =   20
 *********************************************

    I  COEFFICIENT          ORDER   EXPONENTS
     1   0.1851355243280        1     0 0  1 0  0
  0.18513552432798625     
     2    12.03580004880        1     0 0  0 1  0
   12.035800048795810     
     3  -0.1389857187609        2     1 0  1 0  0
 -0.13898571876092902     
     4   -3.143610955444        2     0 1  1 0  0
  -3.1436109554436134     
     5   -2.820130041915        2     1 0  0 1  0
  -2.8201300419145685     
     6   -44.46315492115        2     0 1  0 1  0
  -44.463154921150796     
     7    18.79580665515        2     0 0  1 0  1
   18.795806655153420     
     8   -11.11470217044        2     0 0  0 1  1
  -11.114702170441877     
     9   -53.49758105577        3     2 0  1 0  0
  -53.497581055767320     
    10    129.4463176778        3     1 1  1 0  0
   129.44631767782940     
    11   -7975.051334125        3     0 2  1 0  0
  -7975.0513341246597     
    12    94.69593732142        3     0 0  3 0  0
   94.695937321415755     
    13   -93.40039851494        3     2 0  0 1  0
  -93.400398514935844     
    14   -8145.897616352        3     1 1  0 1  0
  -8145.8976163524731     
    15    43090.33444493        3     0 2  0 1  0
   43090.334444931359     
    16    262.9217042438        3     0 0  2 1  0
   262.92170424381891     
    17    325.6511845439        3     1 0  1 0  1
   325.65118454391256     
    18   -708.2657068881        3     0 1  1 0  1
  -708.26570688806851     
    19    13064.35486647        3     0 0  1 2  0
   13064.354866466218     
    20    439.4888448517        3     1 0  0 1  1
   439.48884485167804     
    21    23804.65453013        3     0 1  0 1  1
   23804.654530132921     
    22   -1251.768767035        3     0 0  1 0  2
  -1251.7687670352832     
    23   -6619.349887707        3     0 0  0 3  0
  -6619.3498877068723     
    24   -2252.852588606        3     0 0  0 1  2
  -2252.8525886058660     
    25   -25.71179057459        4     3 0  1 0  0
  -25.711790574590374     
    26   -131.5488762470        4     2 1  1 0  0
  -131.54887624703011     
    27   -3815.953705324        4     1 2  1 0  0
  -3815.9537053237750     
    28    14802.16066776        4     0 3  1 0  0
   14802.160667758744     
    29    29.17314251690        4     1 0  3 0  0
   29.173142516901688     
    30   -316.4564723034        4     0 1  3 0  0
  -316.45647230335550     
    31   -51.97453760545        4     3 0  0 1  0
  -51.974537605448340     
    32    254.3517307070        4     2 1  0 1  0
   254.35173070699443     
    33   -50036.80743408        4     1 2  0 1  0
  -50036.807434077615     
    34   -1030020.355418        4     0 3  0 1  0
  -1030020.3554176593     
    35    383.9895503606        4     1 0  2 1  0
   383.98955036061432     
    36    3708.331161026        4     0 1  2 1  0
   3708.3311610261972     
    37    499.3986072477        4     2 0  1 0  1
   499.39860724765225     
    38   -2900.310724041        4     1 1  1 0  1
  -2900.3107240405188     
    39    138823.6856711        4     0 2  1 0  1
   138823.68567111416     
    40   -346.5648810082        4     0 0  3 0  1
  -346.56488100823577     
    41   -3711.152055594        4     1 0  1 2  0
  -3711.1520555938323     
    42   -71425.04887136        4     0 1  1 2  0
  -71425.048871360268     
    43    9762.590605389        4     2 0  0 1  1
   9762.5906053888630     
    44    28447.85753583        4     1 1  0 1  1
   28447.857535825526     
    45    2918820.857713        4     0 2  0 1  1
   2918820.8577131471     
    46   -23851.50985166        4     0 0  2 1  1
  -23851.509851657112     
    47   -2377.657146326        4     1 0  1 0  2
  -2377.6571463258847     
    48    8014.025250272        4     0 1  1 0  2
   8014.0252502717840     
    49    51347.89541152        4     1 0  0 3  0
   51347.895411523641     
    50    141668.9368205        4     0 1  0 3  0
   141668.93682046319     
    51   -109556.7458341        4     0 0  1 2  1
  -109556.74583407246     
    52   -55229.46977162        4     1 0  0 1  2
  -55229.469771623815     
    53   -43766.86565329        4     0 1  0 1  2
  -43766.865653293600     
    54    5116.230509408        4     0 0  1 0  3
   5116.2305094075200     
    55   -3063441.065913        4     0 0  0 3  1
  -3063441.0659132442     
    56    241343.6142258        4     0 0  0 1  3
   241343.61422580044     
                                      

 etall    1, NO =    4, NV =    5, INA =   21
 *********************************************

    I  COEFFICIENT          ORDER   EXPONENTS
     1  -0.8400153265723E-01    1     0 0  1 0  0
  -8.4001532657226624E-002
     2  -0.5955448526053E-01    1     0 0  0 1  0
  -5.9554485260528235E-002
     3  -0.2320757518455E-01    2     1 0  1 0  0
  -2.3207575184553943E-002
     4  -0.3563660039573        2     0 1  1 0  0
 -0.35636600395731310     
     5  -0.2738734872661        2     1 0  0 1  0
 -0.27387348726614841     
     6   -4.004595782837        2     0 1  0 1  0
  -4.0045957828371792     
     7   0.1230304925093        2     0 0  1 0  1
  0.12303049250929771     
     8    19.08762258526        2     0 0  0 1  1
   19.087622585257805     
     9  -0.6917652520527        3     2 0  1 0  0
 -0.69176525205273220     
    10   -63.28004779122        3     1 1  1 0  0
  -63.280047791224163     
    11   -11.92703802394        3     0 2  1 0  0
  -11.927038023938323     
    12   0.6346009628260        3     0 0  3 0  0
  0.63460096282596945     
    13   -19.65483754416        3     2 0  0 1  0
  -19.654837544164149     
    14   -372.8601623979        3     1 1  0 1  0
  -372.86016239789842     
    15   -22874.59096654        3     0 2  0 1  0
  -22874.590966544820     
    16    95.98424748533        3     0 0  2 1  0
   95.984247485328382     
    17    2.382925193948        3     1 0  1 0  1
   2.3829251939477532     
    18    169.4463751197        3     0 1  1 0  1
   169.44637511968807     
    19    397.7906046845        3     0 0  1 2  0
   397.79060468447966     
    20    101.9157544622        3     1 0  0 1  1
   101.91575446222433     
    21    709.6372864700        3     0 1  0 1  1
   709.63728647001483     
    22    7.486741111955        3     0 0  1 0  2
   7.4867411119553662     
    23    13026.06030649        3     0 0  0 3  0
   13026.060306492474     
    24   -839.0132942703        3     0 0  0 1  2
  -839.01329427031453     
    25   0.8548550336558        4     3 0  1 0  0
  0.85485503365579807     
    26   -8.542267675728        4     2 1  1 0  0
  -8.5422676757283451     
    27   -117.1931751094        4     1 2  1 0  0
  -117.19317510935996     
    28    1264.838429969        4     0 3  1 0  0
   1264.8384299686913     
    29  -0.7734945701549E-01    4     1 0  3 0  0
  -7.7349457015485457E-002
    30   -40.76774418804        4     0 1  3 0  0
  -40.767744188043665     
    31  -0.7631892728048        4     3 0  0 1  0
 -0.76318927280484328     
    32    38.56811223198        4     2 1  0 1  0
   38.568112231982212     
    33    7013.344462891        4     1 2  0 1  0
   7013.3444628905709     
    34   -86656.09854587        4     0 3  0 1  0
  -86656.098545871981     
    35    22.99976503026        4     1 0  2 1  0
   22.999765030263887     
    36    177.6673322750        4     0 1  2 1  0
   177.66733227497724     
    37   -54.73172294531        4     2 0  1 0  1
  -54.731722945313102     
    38   -88.92585805142        4     1 1  1 0  1
  -88.925858051420988     
    39   -26605.87518240        4     0 2  1 0  1
  -26605.875182400989     
    40    145.0229832989        4     0 0  3 0  1
   145.02298329893000     
    41   -153.7938508945        4     1 0  1 2  0
  -153.79385089450693     
    42    2759.241751569        4     0 1  1 2  0
   2759.2417515694619     
    43    130.3317711494        4     2 0  0 1  1
   130.33177114939144     
    44    4548.586111305        4     1 1  0 1  1
   4548.5861113052306     
    45    74764.25203752        4     0 2  0 1  1
   74764.252037516242     
    46    600.2114496296        4     0 0  2 1  1
   600.21144962964649     
    47    323.0585543656        4     1 0  1 0  2
   323.05855436555822     
    48   -75.92502909165        4     0 1  1 0  2
  -75.925029091652277     
    49   -8074.132681232        4     1 0  0 3  0
  -8074.1326812324442     
    50   -19544.57903197        4     0 1  0 3  0
  -19544.579031974798     
    51    19865.59891142        4     0 0  1 2  1
   19865.598911422214     
    52   -789.4219743550        4     1 0  0 1  2
  -789.42197435500077     
    53   -14660.67223591        4     0 1  0 1  2
  -14660.672235914530     
    54   -1603.709372876        4     0 0  1 0  3
  -1603.7093728759876     
    55    11788.52110587        4     0 0  0 3  1
   11788.521105869258     
    56    174.8698551500        4     0 0  0 1  3
   174.86985514996792     
                                      

 etall    1, NO =    4, NV =    5, INA =   22
 *********************************************

    I  COEFFICIENT          ORDER   EXPONENTS
     1    1.000000000000        1     0 0  0 0  1
   1.0000000000000000     
                                      

 etall    1, NO =    4, NV =    5, INA =   30
 *********************************************

    I  COEFFICIENT          ORDER   EXPONENTS
     1  -0.1364464097264E-12    0     0 0  0 0  0
  -1.3644640972643174E-013
     2   0.1519281657652        1     1 0  0 0  0
  0.15192816576518761     
     3    2.398053175671        1     0 1  0 0  0
   2.3980531756714094     
     4    16.50111910983        1     0 0  0 0  1
   16.501119109831347     
     5  -0.1032512442502        2     2 0  0 0  0
 -0.10325124425024385     
     6  -0.7888390956804E-01    2     1 1  0 0  0
  -7.8883909568038341E-002
     7   -40.49095662267        2     0 2  0 0  0
  -40.490956622674098     
     8   0.8067481163797        2     0 0  2 0  0
  0.80674811637968691     
     9    2.590553495736        2     0 0  1 1  0
   2.5905534957359611     
    10   0.9538566498271        2     1 0  0 0  1
  0.95385664982710094     
    11    15.23147249036        2     0 1  0 0  1
   15.231472490361185     
    12    114.2452331769        2     0 0  0 2  0
   114.24523317688394     
    13    4.363458116662        2     0 0  0 0  2
   4.3634581166622208     
    14   0.3769529997738        3     3 0  0 0  0
  0.37695299977380115     
    15    34.08805562517        3     2 1  0 0  0
   34.088055625171663     
    16    253.0600818600        3     1 2  0 0  0
   253.06008186001503     
    17    15377.14389155        3     0 3  0 0  0
   15377.143891554728     
    18    3.056325035967        3     1 0  2 0  0
   3.0563250359668310     
    19    90.86050706471        3     0 1  2 0  0
   90.860507064711356     
    20    111.3457827576        3     1 0  1 1  0
   111.34578275763107     
    21    470.6266551668        3     0 1  1 1  0
   470.62665516675946     
    22   -23.87017626010        3     2 0  0 0  1
  -23.870176260099370     
    23   -244.2510496065        3     1 1  0 0  1
  -244.25104960653766     
    24   -9219.469217989        3     0 2  0 0  1
  -9219.4692179888334     
    25   -68.28668081067        3     0 0  2 0  1
  -68.286680810671726     
    26    390.0499312745        3     1 0  0 2  0
   390.04993127448819     
    27    40147.64128174        3     0 1  0 2  0
   40147.641281741147     
    28   -520.0145974274        3     0 0  1 1  1
  -520.01459742738950     
    29    150.3828248082        3     1 0  0 0  2
   150.38282480816699     
    30    1653.867426968        3     0 1  0 0  2
   1653.8674269681403     
    31   -9488.506527316        3     0 0  0 2  1
  -9488.5065273156852     
    32   -373.0938319797        3     0 0  0 0  3
  -373.09383197971738     
    33   0.5868137372280        4     4 0  0 0  0
  0.58681373722802810     
    34    6.751712959563        4     3 1  0 0  0
   6.7517129595629886     
    35    564.1375431224        4     2 2  0 0  0
   564.13754312241304     
    36   -3645.106934295        4     1 3  0 0  0
  -3645.1069342953383     
    37    146061.5400780        4     0 4  0 0  0
   146061.54007801533     
    38    13.12886679705        4     2 0  2 0  0
   13.128866797050367     
    39    758.6762560954        4     1 1  2 0  0
   758.67625609538698     
    40    2230.017897085        4     0 2  2 0  0
   2230.0178970854940     
    41    1.687076425571        4     0 0  4 0  0
   1.6870764255708819     
    42   -357.7988816593        4     2 0  1 1  0
  -357.79888165934022     
    43    6869.729718824        4     1 1  1 1  0
   6869.7297188240082     
    44    171206.6893362        4     0 2  1 1  0
   171206.68933621419     
    45    5.658890250834        4     0 0  3 1  0
   5.6588902508341175     
    46   -23.56213827408        4     3 0  0 0  1
  -23.562138274078396     
    47   -214.2260393133        4     2 1  0 0  1
  -214.22603931329411     
    48   -7812.621265884        4     1 2  0 0  1
  -7812.6212658836657     
    49   -51649.75945920        4     0 3  0 0  1
  -51649.759459196619     
    50   -67.05095931797        4     1 0  2 0  1
  -67.050959317966615     
    51   -2895.874477985        4     0 1  2 0  1
  -2895.8744779845592     
    52   -451.0876169238        4     2 0  0 2  0
  -451.08761692382484     
    53   -108197.7381221        4     1 1  0 2  0
  -108197.73812213413     
    54    1107380.613156        4     0 2  0 2  0
   1107380.6131556598     
    55    270.7280264000        4     0 0  2 2  0
   270.72802640004738     
    56    1967.906914349        4     1 0  1 1  1
   1967.9069143493027     
    57    25191.85729526        4     0 1  1 1  1
   25191.857295263751     
    58    221.8070495198        4     2 0  0 0  2
   221.80704951983205     
    59    1045.817382876        4     1 1  0 0  2
   1045.8173828758804     
    60    61155.93134787        4     0 2  0 0  2
   61155.931347872116     
    61    122.8733610790        4     0 0  2 0  2
   122.87336107896606     
    62   -6293.210965460        4     0 0  1 3  0
  -6293.2109654596625     
    63   -19091.28098255        4     1 0  0 2  1
  -19091.280982547654     
    64    218192.3148341        4     0 1  0 2  1
   218192.31483407319     
    65   -2432.650283539        4     0 0  1 1  2
  -2432.6502835391952     
    66   -1150.399186514        4     1 0  0 0  3
  -1150.3991865141425     
    67   -3191.172113360        4     0 1  0 0  3
  -3191.1721133604497     
    68   -73674.95017850        4     0 0  0 4  0
  -73674.950178499901     
    69    78653.22652971        4     0 0  0 2  2
   78653.226529710140     
    70    2340.639163089        4     0 0  0 0  4
   2340.6391630889766     
                                      
